0 00000000000000ab 0000 00000000000000ab 1 1
0 00000000000000ab 0000 00000000000000ab 1 1
0 00000000000000ab 0000 00000000000000ab 1 1
0 00000000000000ab 0000 00000000000000ab 1 1
1 0000000000000001 0000 00000000000000ab 1 1
0 00000000000000ab 0000 00000000000000ab 1 1
1 0000000000000001 0000 00000000000000ab 1 1
1 0000000000000001 0000 00000000000000ab 1 1
1 0000000000000001 0000 00000000000000ab 1 1
0 00000000000000ab 0000 00000000000000ab 1 1
0 00000000000000ab 0000 00000000000000ab 1 1
0 00000000000000ab 0000 00000000000000ab 1 1