10 80 1
80 24 1
80 24 1
80 24 1
80 0 0
10 80 1
80 24 1
80 24 1
80 24 1
80 0 0
10 80 1
80 24 1
80 24 1
80 24 1
80 0 0
10 80 1
80 24 1
80 24 1
80 24 1
80 0 0
10 80 1
80 24 1
80 24 1
80 24 1
80 0 0
10 80 1
80 24 1
80 24 1
80 24 1
80 0 0
10 80 1
80 24 1
80 24 1
80 24 1
80 0 0
10 80 1
80 24 1
80 24 1
80 24 1
80 0 0
10 80 1
80 24 1
80 24 1
80 24 1
80 0 0
10 80 1
80 24 1
80 24 1
80 24 1
80 0 0
10 80 1
80 24 1
80 24 1
80 24 1
80 0 0
10 80 1
80 24 1
80 24 1
80 24 1
80 0 0
10 80 1
80 24 1
80 24 1
80 24 1
80 0 0
10 80 1
80 24 1
80 24 1
80 24 1
80 0 0
10 80 1
80 24 1
80 24 1
80 24 1
80 0 0
10 80 1
80 24 1
80 24 1
80 24 1
80 0 0
10 80 1
80 24 1
80 24 1
80 24 1
80 0 0
10 80 1
80 24 1
80 24 1
80 24 1
80 0 0
10 80 1
80 24 1
80 24 1
80 24 1
80 0 0
10 80 1
80 24 1
80 24 1
80 24 1
80 0 0
10 0 0
